-0.169089262755
-0.169052404924
-0.169014744045
-0.169023077381
-0.169079859392
-0.169083785134
-0.169046123703
-0.169014163229
-0.16902778606
-0.16908371257
-0.169080780676
-0.16904474158
-0.169011964032
-0.169033173011
-0.169087839995
-0.169080197936
-0.169040271237
-0.169006667598
-0.1690385994
-0.169092782026
-0.169077097416
-0.169031815747
-0.169003655787
-0.169048724003
-0.169096566666
-0.169071207394
-0.169024913726
-0.169005402856
-0.169061508442
-0.169097329523
-0.169064450269
-0.169019776019
-0.169008783733
-0.169069429961
-0.169093698125
-0.169057765509
-0.169016071229
-0.169012020929
-0.169076959099
-0.169091769669
-0.169054020405
-0.169012359099
-0.169017360334
-0.169084745969
-0.169090355347
-0.169048384529
-0.169006630341
-0.169023353674
-0.169091241495
-0.169086184599
-0.169040155175
-0.169002919236
-0.169032874944
-0.169095583311
-0.169080551171
-0.169033903086
-0.169002745907
-0.169044593002
-0.169098547747
-0.169074996974
-0.169028833856
-0.169002874261
-0.169053449939
-0.169097786958
-0.169068854236
-0.169022885171
-0.169003411164
-0.169063232028
-0.169097933275
-0.169063727915
-0.169017589637
-0.169007626552
-0.169074133626
-0.169096670128
-0.169057152538
-0.169011765337
-0.169013165419
-0.169082235781
-0.169091884284
-0.169049156729
-0.169008448363
-0.16902057136
-0.169087166602
-0.169086588314
-0.169044121169
-0.169007406738
-0.169029320507
-0.169091802763
-0.169082929594
-0.169039915443
-0.169005225406
-0.169036567737
-0.169094103189
-0.169078466212
-0.169032747209
-0.169002849879
-0.169046280751
-0.169097176787
-0.169072935887
-0.169026285853
